unsigned char const table[500][3] =
{
    0,	0,	0,
    0,	0,	7,
    0,	0,	15,
    0,	0,	22,
    0,	0,	30,
    0,	0,	38,
    0,	0,	45,
    0,	0,	53,
    0,	0,	61,
    0,	0,	68,
    0,	0,	76,
    0,	0,	77,
    0,	0,	79,
    0,	0,	80,
    0,	0,	81,
    0,	0,	82,
    0,	0,	84,
    0,	0,	85,
    0,	0,	86,
    0,	0,	88,
    0,	0,	89,
    0,	0,	90,
    0,	0,	91,
    0,	0,	93,
    0,	0,	94,
    0,	0,	95,
    0,	0,	96,
    0,	0,	98,
    0,	0,	99,
    0,	0,	100,
    0,	0,	102,
    0,	0,	103,
    0,	0,	104,
    0,	0,	105,
    0,	0,	107,
    0,	0,	108,
    0,	0,	109,
    0,	0,	111,
    0,	0,	112,
    0,	0,	113,
    0,	0,	114,
    0,	0,	116,
    0,	0,	117,
    0,	0,	118,
    0,	0,	119,
    0,	0,	121,
    0,	0,	122,
    0,	0,	123,
    0,	0,	125,
    0,	0,	126,
    0,	0,	127,
    0,	0,	128,
    0,	0,	130,
    0,	0,	131,
    0,	0,	132,
    0,	0,	134,
    0,	0,	135,
    0,	0,	136,
    0,	0,	137,
    0,	0,	139,
    0,	0,	140,
    0,	0,	141,
    0,	0,	142,
    0,	0,	144,
    0,	0,	145,
    0,	0,	146,
    0,	0,	148,
    0,	0,	149,
    0,	0,	150,
    0,	0,	151,
    0,	0,	153,
    0,	0,	154,
    0,	0,	155,
    0,	0,	157,
    0,	0,	158,
    0,	0,	159,
    0,	0,	160,
    0,	0,	162,
    0,	0,	163,
    0,	0,	164,
    0,	0,	165,
    0,	0,	167,
    0,	0,	168,
    0,	0,	169,
    0,	0,	171,
    0,	0,	172,
    0,	0,	173,
    0,	0,	174,
    0,	0,	176,
    0,	0,	177,
    0,	0,	178,
    0,	0,	180,
    0,	0,	181,
    0,	0,	182,
    0,	0,	183,
    0,	0,	185,
    0,	0,	186,
    0,	0,	187,
    0,	0,	188,
    0,	0,	190,
    0,	0,	191,
    0,	0,	192,
    0,	0,	194,
    0,	0,	195,
    0,	0,	196,
    0,	0,	197,
    0,	0,	199,
    0,	0,	200,
    0,	0,	201,
    0,	0,	203,
    0,	0,	204,
    0,	0,	205,
    0,	0,	206,
    0,	0,	208,
    0,	0,	209,
    0,	0,	210,
    0,	0,	211,
    0,	0,	213,
    0,	0,	214,
    0,	0,	215,
    0,	0,	217,
    0,	0,	218,
    0,	0,	219,
    0,	0,	220,
    0,	0,	222,
    0,	0,	223,
    0,	0,	224,
    0,	0,	225,
    0,	0,	227,
    0,	0,	228,
    0,	0,	229,
    0,	0,	231,
    0,	0,	232,
    0,	0,	233,
    0,	0,	234,
    0,	0,	236,
    0,	0,	237,
    0,	0,	238,
    0,	0,	240,
    0,	0,	241,
    0,	0,	242,
    0,	0,	243,
    0,	0,	245,
    0,	0,	246,
    0,	0,	247,
    0,	0,	248,
    0,	0,	250,
    0,	0,	251,
    0,	0,	252,
    0,	0,	254,
    0,	0,	255,
    0,	1,	255,
    0,	2,	255,
    0,	4,	255,
    0,	5,	255,
    0,	6,	255,
    0,	8,	255,
    0,	9,	255,
    0,	10,	255,
    0,	11,	255,
    0,	13,	255,
    0,	14,	255,
    0,	15,	255,
    0,	16,	255,
    0,	18,	255,
    0,	19,	255,
    0,	20,	255,
    0,	22,	255,
    0,	23,	255,
    0,	24,	255,
    0,	25,	255,
    0,	27,	255,
    0,	28,	255,
    0,	29,	255,
    0,	31,	255,
    0,	32,	255,
    0,	33,	255,
    0,	34,	255,
    0,	36,	255,
    0,	37,	255,
    0,	38,	255,
    0,	39,	255,
    0,	41,	255,
    0,	42,	255,
    0,	43,	255,
    0,	45,	255,
    0,	46,	255,
    0,	47,	255,
    0,	48,	255,
    0,	50,	255,
    0,	51,	255,
    0,	52,	255,
    0,	54,	255,
    0,	55,	255,
    0,	56,	255,
    0,	57,	255,
    0,	59,	255,
    0,	60,	255,
    0,	61,	255,
    0,	62,	255,
    0,	64,	255,
    0,	65,	255,
    0,	66,	255,
    0,	68,	255,
    0,	69,	255,
    0,	70,	255,
    0,	71,	255,
    0,	73,	255,
    0,	74,	255,
    0,	75,	255,
    0,	77,	255,
    0,	78,	255,
    0,	79,	255,
    0,	80,	255,
    0,	82,	255,
    0,	83,	255,
    0,	84,	255,
    0,	85,	255,
    0,	87,	255,
    0,	88,	255,
    0,	89,	255,
    0,	91,	255,
    0,	92,	255,
    0,	93,	255,
    0,	94,	255,
    0,	96,	255,
    0,	97,	255,
    0,	98,	255,
    0,	100,	255,
    0,	101,	255,
    0,	102,	255,
    0,	103,	255,
    0,	105,	255,
    0,	106,	255,
    0,	107,	255,
    0,	108,	255,
    0,	110,	255,
    0,	111,	255,
    0,	112,	255,
    0,	114,	255,
    0,	115,	255,
    0,	116,	255,
    0,	117,	255,
    0,	119,	255,
    0,	120,	255,
    0,	121,	255,
    0,	123,	255,
    0,	124,	255,
    0,	125,	255,
    0,	126,	255,
    0,	128,	255,
    0,	129,	255,
    0,	130,	255,
    0,	131,	255,
    0,	133,	255,
    0,	134,	255,
    0,	135,	255,
    0,	137,	255,
    0,	138,	255,
    0,	139,	255,
    0,	140,	255,
    0,	142,	255,
    0,	143,	255,
    0,	144,	255,
    0,	146,	255,
    0,	147,	255,
    0,	148,	255,
    0,	149,	255,
    0,	151,	255,
    0,	152,	255,
    0,	153,	255,
    0,	154,	255,
    0,	156,	255,
    0,	157,	255,
    0,	158,	255,
    0,	160,	255,
    0,	161,	255,
    0,	162,	255,
    0,	163,	255,
    0,	165,	255,
    0,	166,	255,
    0,	167,	255,
    0,	169,	255,
    0,	170,	255,
    0,	171,	255,
    0,	172,	255,
    0,	174,	255,
    0,	175,	255,
    0,	176,	255,
    0,	177,	255,
    0,	179,	255,
    0,	180,	255,
    0,	181,	255,
    0,	183,	255,
    0,	184,	255,
    0,	185,	255,
    0,	186,	255,
    0,	188,	255,
    0,	189,	255,
    0,	190,	255,
    0,	192,	255,
    0,	193,	255,
    0,	194,	255,
    0,	195,	255,
    0,	197,	255,
    0,	198,	255,
    0,	199,	255,
    0,	200,	255,
    0,	202,	255,
    0,	203,	255,
    0,	204,	255,
    0,	206,	255,
    0,	207,	255,
    0,	208,	255,
    0,	209,	255,
    0,	211,	255,
    0,	212,	255,
    0,	213,	255,
    0,	215,	255,
    0,	216,	255,
    0,	217,	255,
    0,	218,	255,
    0,	220,	255,
    0,	221,	255,
    0,	222,	255,
    0,	223,	255,
    0,	225,	255,
    0,	226,	255,
    0,	227,	255,
    0,	229,	255,
    0,	230,	255,
    0,	231,	255,
    0,	232,	255,
    0,	234,	255,
    0,	235,	255,
    0,	236,	255,
    0,	238,	255,
    0,	239,	255,
    0,	240,	255,
    0,	241,	255,
    0,	243,	255,
    0,	244,	255,
    0,	245,	255,
    0,	246,	255,
    0,	248,	255,
    0,	249,	255,
    0,	250,	255,
    0,	252,	255,
    0,	253,	255,
    0,	254,	255,
    1,	255,	255,
    2,	255,	255,
    4,	255,	255,
    6,	255,	255,
    8,	255,	255,
    9,	255,	255,
    11,	255,	255,
    13,	255,	255,
    14,	255,	255,
    16,	255,	255,
    18,	255,	255,
    19,	255,	255,
    21,	255,	255,
    23,	255,	255,
    25,	255,	255,
    26,	255,	255,
    28,	255,	255,
    30,	255,	255,
    31,	255,	255,
    33,	255,	255,
    35,	255,	255,
    36,	255,	255,
    38,	255,	255,
    40,	255,	255,
    42,	255,	255,
    43,	255,	255,
    45,	255,	255,
    47,	255,	255,
    48,	255,	255,
    50,	255,	255,
    52,	255,	255,
    53,	255,	255,
    55,	255,	255,
    57,	255,	255,
    59,	255,	255,
    60,	255,	255,
    62,	255,	255,
    64,	255,	255,
    65,	255,	255,
    67,	255,	255,
    69,	255,	255,
    71,	255,	255,
    72,	255,	255,
    74,	255,	255,
    76,	255,	255,
    77,	255,	255,
    79,	255,	255,
    81,	255,	255,
    82,	255,	255,
    84,	255,	255,
    86,	255,	255,
    88,	255,	255,
    89,	255,	255,
    91,	255,	255,
    93,	255,	255,
    94,	255,	255,
    96,	255,	255,
    98,	255,	255,
    99,	255,	255,
    101,	255,	255,
    103,	255,	255,
    105,	255,	255,
    106,	255,	255,
    108,	255,	255,
    110,	255,	255,
    111,	255,	255,
    113,	255,	255,
    115,	255,	255,
    117,	255,	255,
    118,	255,	255,
    120,	255,	255,
    122,	255,	255,
    123,	255,	255,
    125,	255,	255,
    127,	255,	255,
    128,	255,	255,
    130,	255,	255,
    132,	255,	255,
    134,	255,	255,
    135,	255,	255,
    137,	255,	255,
    139,	255,	255,
    140,	255,	255,
    142,	255,	255,
    144,	255,	255,
    145,	255,	255,
    147,	255,	255,
    149,	255,	255,
    151,	255,	255,
    152,	255,	255,
    154,	255,	255,
    156,	255,	255,
    157,	255,	255,
    159,	255,	255,
    161,	255,	255,
    163,	255,	255,
    164,	255,	255,
    166,	255,	255,
    168,	255,	255,
    169,	255,	255,
    171,	255,	255,
    173,	255,	255,
    174,	255,	255,
    176,	255,	255,
    178,	255,	255,
    180,	255,	255,
    181,	255,	255,
    183,	255,	255,
    185,	255,	255,
    186,	255,	255,
    188,	255,	255,
    190,	255,	255,
    191,	255,	255,
    193,	255,	255,
    195,	255,	255,
    197,	255,	255,
    198,	255,	255,
    200,	255,	255,
    202,	255,	255,
    203,	255,	255,
    205,	255,	255,
    207,	255,	255,
    209,	255,	255,
    210,	255,	255,
    212,	255,	255,
    214,	255,	255,
    215,	255,	255,
    217,	255,	255,
    219,	255,	255,
    220,	255,	255,
    222,	255,	255,
    224,	255,	255,
    226,	255,	255,
    227,	255,	255,
    229,	255,	255,
    231,	255,	255,
    232,	255,	255,
    234,	255,	255,
    236,	255,	255,
    237,	255,	255,
    239,	255,	255,
    241,	255,	255,
    243,	255,	255,
    244,	255,	255,
    246,	255,	255,
    248,	255,	255,
    249,	255,	255,
    251,	255,	255,
    253,	255,	255,
    255,	255,	255 
};
